188
iD_ESTADO|ID_DISTRITO_FEDERAL|SECCION|TIPO_CASILLA|ID_CASILLA|EXT_CONTIGUA|TIPO_SECCION|LISTA_NOMINAL|ID_MUNICIPIO|ID_DIST_LOC|ID_ESTRATO_F|ESTRATO_F|ID_ESTRATO_L|ESTRATO_L|ID_AREA_RESPONSABILIDAD|PAN|PRI|PRD|PVEM|PT|MC|PANAL|MORENA|PES|PAN_MC|PRI_PVEM_PANAL|PRI_PVEM|PRI_PANAL|PVEM_PANAL|PT_MORENA_PES|PT_MORENA|PT_PES|MORENA_PES|CNR|NULOS|TOTAL|MVD|MSR|JEZC|JJDM|ANIO|MES|DIA|HORA|MINUTOS|SEGUNDOS|ORIGEN_CAPTURA|MODIFICADO
31|1|55|B|1|0|1|422|12|15|0||4|Estrato 4|14|113|126|1|3|2|36|1|30|0|1|0|1|0|0|1|1|0|0|0|3|319|150|131|1|34|2018|7|1|21|16|39|1|N
31|1|56|B|1|0|1|408|12|15|343|Estrato 343|4|Estrato 4|14|133|174|0|0|3|19|0|14|1|2|0|1|0|0|0|1|0|0|0|1|349|154|175|0|19|2018|7|1|23|42|17|1|N
31|1|65|C|1|0|1|574|14|11|345|Estrato 345|6|Estrato 6|19|136|274|1|2|2|1|1|83|1|1|0|0|0|0|1|0|0|2|0|0|505|138|277|1|89|2018|7|1|22|42|28|1|N
31|1|66|B|1|0|3|212|14|11|0||6|Estrato 6|19|58|119|0|1|1|1|0|28|0|2|0|0|0|0|0|0|0|0|0|2|212|61|120|0|29|2018|7|1|20|10|5|1|N
31|1|71|E|2|0|2|229|17|14|0||6|Estrato 6|25|4|143|0|0|0|54|0|15|0|0|0|0|0|0|0|0|0|0|0|0|216|58|143|0|15|2018|7|1|21|59|32|1|N
31|1|72|C|1|0|3|413|17|14|0||6|Estrato 6|26|9|214|0|0|0|63|0|6|0|0|0|0|0|0|0|0|0|0|0|1|293|72|214|0|6|2018|7|1|19|17|36|1|N
31|1|79|C|1|0|1|640|19|11|0||6|Estrato 6|32|238|200|4|0|11|2|0|76|1|1|0|0|0|0|0|0|0|0|0|5|538|241|200|4|88|2018|7|1|20|39|22|1|N
31|1|81|C|2|0|1|692|19|11|0||6|Estrato 6|34|286|188|4|0|5|1|1|75|2|1|0|0|1|0|1|0|0|0|0|7|572|288|190|4|83|2018|7|1|23|14|37|1|N
31|1|82|B|1|0|3|498|19|11|0||6|Estrato 6|36|207|155|0|0|3|3|0|73|2|0|0|0|0|0|3|0|0|0|0|1|447|210|155|0|81|2018|7|1|22|18|19|1|N
31|1|90|B|1|0|3|392|19|11|345|Estrato 345|6|Estrato 6|33|157|133|0|0|0|0|0|0|0|0|0|0|0|0|0|0|0|0|0|0|290|157|133|0|0|2018|7|1|22|12|56|1|N
31|1|93|B|1|0|1|719|21|11|0||6|Estrato 6|41|171|320|1|14|2|1|0|75|1|0|0|1|0|0|0|0|0|0|0|7|593|172|335|1|78|2018|7|1|21|25|8|1|N
31|1|93|C|1|0|1|719|21|11|345|Estrato 345|6|Estrato 6|41|199|320|4|15|0|0|1|72|0|0|2|1|0|0|0|0|0|0|0|4|618|199|339|4|72|2018|7|1|21|32|21|1|N
31|1|139|B|1|0|3|510|32|10|343|Estrato 343|4|Estrato 4|66|126|209|1|41|2|1|2|33|1|1|0|1|0|0|0|0|0|1|0|2|421|128|253|1|37|2018|7|1|20|17|5|1|N
31|1|191|B|1|0|2|628|40|15|343|Estrato 343|4|Estrato 4|70|140|265|3|3|7|2|2|78|0|1|0|2|0|0|2|0|0|0|0|21|526|143|272|3|87|2018|7|1|22|53|37|1|N
31|1|193|B|1|0|1|542|40|15|0||4|Estrato 4|15|123|226|1|7|0|0|0|57|0|0|0|0|0|0|0|0|0|0|0|17|431|123|233|1|57|2018|7|1|20|34|17|1|N
31|1|193|C|2|0|1|541|40|15|0||4|Estrato 4|15|120|194|3|2|7|4|0|76|1|0|0|1|0|0|1|0|0|2|4|0|415|124|197|3|87|2018|7|1|20|41|47|1|N
31|1|203|C|1|0|2|484|40|15|343|Estrato 343|4|Estrato 4|75|114|194|5|3|2|6|2|61|1|0|0|3|0|0|1|0|0|0|0|22|414|120|202|5|65|2018|7|1|22|52|0|1|N
31|1|709|C|1|0|2|457|57|10|0||4|Estrato 4|81|141|212|1|1|2|2|1|36|1|3|0|1|0|0|1|0|0|0|0|0|402|146|215|1|40|2018|7|1|22|9|46|1|N
31|1|711|C|1|0|1|577|57|10|343|Estrato 343|4|Estrato 4|83|253|215|1|1|6|0|0|29|2|0|1|3|0|0|1|0|0|1|0|5|518|253|220|1|39|2018|7|1|23|30|50|1|N
31|1|866|B|1|0|3|218|84|15|343|Estrato 343|4|Estrato 4|63|135|49|0|0|0|0|2|6|0|0|0|0|0|0|0|0|0|0|0|0|192|135|51|0|6|2018|7|1|21|1|54|1|N
31|1|872|B|1|0|3|249|85|10|0||4|Estrato 4|97|64|60|6|8|4|1|0|77|1|1|0|0|0|0|1|0|0|0|0|7|230|66|68|6|83|2018|7|1|21|41|17|1|N
31|1|873|C|1|0|3|427|85|10|343|Estrato 343|4|Estrato 4|95|71|134|0|38|1|2|0|160|0|0|1|1|0|0|1|2|0|1|0|2|414|73|174|0|165|2018|7|1|23|34|3|1|N
31|1|874|C|1|0|2|616|85|10|0||4|Estrato 4|97|103|106|2|22|14|11|4|262|3|0|0|0|0|0|0|1|0|1|0|4|533|114|132|2|281|2018|7|1|22|17|28|1|N
31|1|933|C|1|0|1|703|96|10|0||4|Estrato 4|89|85|147|3|3|5|3|5|137|2|1|1|1|1|0|4|0|0|0|0|11|409|89|158|3|148|2018|7|1|21|55|8|1|N
31|1|939|B|1|0|1|708|96|10|0||4|Estrato 4|89|90|202|2|3|5|0|6|147|1|0|1|1|1|0|1|0|0|1|0|9|470|90|214|2|155|2018|7|1|20|18|11|1|N
31|1|940|C|1|0|1|449|96|10|0||4|Estrato 4|88|58|157|2|2|4|1|9|89|0|0|2|3|0|0|1|0|1|0|0|4|333|59|173|2|95|2018|7|1|21|26|44|1|N
31|1|941|B|1|0|1|603|96|10|0||4|Estrato 4|100|102|158|3|0|9|4|4|90|2|1|1|1|0|0|1|0|0|0|0|7|383|107|164|3|102|2018|7|1|20|21|24|1|N
31|1|951|C|1|0|1|419|96|10|343|Estrato 343|4|Estrato 4|103|83|124|3|2|3|2|2|78|0|0|0|1|0|0|2|2|0|0|0|7|309|85|129|3|85|2018|7|1|20|19|23|1|N
31|1|952|C|1|0|1|683|96|10|0||4|Estrato 4|9|88|143|6|2|15|7|7|156|4|1|2|2|1|0|2|2|0|1|0|10|449|96|157|6|180|2018|7|1|20|31|10|1|N
31|1|954|C|1|0|1|578|96|10|0||4|Estrato 4|10|75|136|1|4|11|3|13|110|0|0|0|5|0|0|1|0|0|1|0|5|365|78|158|1|123|2018|7|1|22|55|25|1|N
31|1|956|C|1|0|1|554|96|10|343|Estrato 343|4|Estrato 4|12|55|124|4|0|10|5|9|123|2|0|2|1|2|0|0|0|0|0|0|8|345|60|138|4|135|2018|7|1|22|51|40|1|N
31|1|956|C|2|0|1|553|96|10|343|Estrato 343|4|Estrato 4|12|73|141|4|2|12|3|2|102|2|1|2|0|1|1|3|1|0|0|0|10|360|77|149|4|120|2018|7|1|23|0|10|1|N
31|1|961|C|1|0|3|483|96|10|343|Estrato 343|4|Estrato 4|104|69|130|2|3|19|3|3|115|1|3|0|0|0|0|1|2|0|5|0|13|369|75|136|2|143|2018|7|1|21|46|34|1|N
31|1|1010|B|1|0|1|604|102|11|0||6|Estrato 6|110|118|78|2|36|6|4|0|171|1|2|0|1|0|0|4|0|0|0|0|9|432|124|115|2|182|2018|7|1|21|47|7|1|N
31|1|1016|C|2|0|1|721|102|11|0||6|Estrato 6|117|104|101|3|40|13|6|1|180|3|0|0|4|0|0|2|0|0|0|0|17|474|110|146|3|198|2018|7|1|21|26|28|1|N
31|1|1016|C|4|0|1|721|102|11|345|Estrato 345|6|Estrato 6|118|115|94|4|27|9|7|3|186|5|0|1|3|0|0|1|0|0|0|0|6|461|122|128|4|201|2018|7|1|21|25|35|1|N
31|1|1019|C|1|0|1|415|102|11|345|Estrato 345|6|Estrato 6|123|97|85|2|21|3|2|1|73|2|4|0|0|0|0|0|0|0|0|0|8|298|103|107|2|78|2018|7|1|22|34|28|1|N
31|1|1021|C|1|0|1|570|102|11|345|Estrato 345|6|Estrato 6|112|99|104|7|34|3|1|1|126|4|1|0|4|0|0|2|0|0|1|0|12|399|101|143|7|136|2018|7|1|22|35|19|1|N
31|1|1030|B|1|0|1|623|102|11|345|Estrato 345|6|Estrato 6|125|83|123|7|33|1|8|2|147|2|0|2|0|0|0|1|0|0|0|0|15|424|91|160|7|151|2018|7|1|21|51|2|1|N
31|1|1033|C|1|0|2|620|102|11|345|Estrato 345|6|Estrato 6|114|107|141|9|20|10|12|0|160|3|1|0|4|0|0|1|2|0|1|0|8|479|120|165|9|177|2018|7|1|22|18|53|1|N
31|1|1036|B|1|0|2|629|102|11|0||6|Estrato 6|121|78|110|5|29|7|6|1|148|4|1|1|5|0|0|1|3|0|0|0|9|408|85|146|5|163|2018|7|1|22|25|33|1|N
31|1|1037|B|1|0|3|628|102|11|0||6|Estrato 6|115|81|128|3|54|6|6|1|207|3|1|1|4|0|1|3|0|0|0|1|11|511|88|189|3|219|2018|7|1|21|18|12|1|N
31|2|12|B|1|0|1|618|2|6|0||3|Estrato 3|23|184|133|6|57|12|1|1|60|0|0|1|2|1|0|1|0|0|0|0|8|467|185|195|6|73|2018|7|1|23|8|19|1|N
31|2|13|B|1|0|3|578|2|6|0||3|Estrato 3|23|198|169|6|82|5|4|0|38|1|2|0|1|0|0|0|0|0|0|0|23|529|204|252|6|44|2018|7|1|23|12|28|1|N
31|2|24|B|1|0|3|634|4|9|0||3|Estrato 3|27|160|187|48|2|8|55|4|42|4|3|1|0|2|0|0|0|0|0|0|15|531|218|196|48|54|2018|7|1|22|22|5|1|N
31|2|26|C|1|0|1|497|5|15|343|Estrato 343|4|Estrato 4|32|178|228|1|0|0|1|0|14|0|0|3|0|0|0|0|0|0|0|0|0|425|179|231|1|14|2018|7|1|19|26|40|1|N
31|2|44|C|1|0|1|445|9|15|343|Estrato 343|4|Estrato 4|39|179|102|22|14|2|1|1|62|0|0|0|1|0|1|0|1|1|0|0|6|393|180|119|22|66|2018|7|1|22|17|15|1|N
31|2|60|C|1|0|2|507|13|9|342|Estrato 342|3|Estrato 3|48|153|168|3|0|2|4|0|58|2|2|0|2|1|0|1|0|0|0|0|8|404|159|171|3|63|2018|7|1|21|24|58|1|N
31|2|91|C|1|0|1|667|20|9|342|Estrato 342|3|Estrato 3|28|221|267|4|1|3|1|2|62|3|1|0|1|0|0|0|0|0|0|0|1|567|223|271|4|68|2018|7|1|22|38|11|1|N
31|2|91|C|2|0|1|666|20|9|342|Estrato 342|3|Estrato 3|28|238|243|6|0|2|0|2|66|2|1|0|1|0|0|0|0|0|0|0|5|566|239|246|6|70|2018|7|1|22|9|0|1|N
31|2|156|B|1|0|2|700|34|14|0||6|Estrato 6|61|142|94|4|2|2|0|5|77|145|1|0|0|0|0|4|1|0|2|0|4|483|143|101|4|231|2018|7|1|21|27|25|1|N
31|2|157|C|1|0|2|412|35|15|0||4|Estrato 4|35|183|138|1|3|0|0|0|15|0|4|0|0|0|0|1|1|0|0|0|2|348|187|141|1|17|2018|7|1|23|50|49|1|N
31|2|174|B|1|0|1|545|38|8|344|Estrato 344|5|Estrato 5|68|171|113|3|24|6|0|0|77|4|3|0|4|0|0|1|1|0|4|0|10|421|174|141|3|93|2018|7|1|22|57|19|1|N
31|2|174|C|2|0|1|545|38|8|0||5|Estrato 5|68|156|98|5|22|8|0|1|77|1|2|1|1|0|0|1|0|0|0|0|11|384|158|123|5|87|2018|7|1|23|0|41|1|N
31|2|177|B|1|0|1|620|38|8|0||5|Estrato 5|70|141|109|0|28|9|4|4|142|13|3|2|0|0|0|2|2|0|0|0|9|468|148|143|0|168|2018|7|1|21|59|57|1|N
31|2|178|C|3|0|1|589|38|8|0||5|Estrato 5|71|179|117|3|33|4|4|1|62|6|1|0|2|0|1|1|0|0|0|0|15|429|184|154|3|73|2018|7|1|21|53|43|1|N
31|2|182|C|2|0|2|550|38|8|344|Estrato 344|5|Estrato 5|74|141|87|2|39|5|7|1|57|9|3|0|1|0|0|0|1|0|1|0|9|363|151|128|2|73|2018|7|1|22|6|12|1|N
31|2|188|C|2|0|1|505|39|9|0||3|Estrato 3|55|214|193|0|4|1|1|0|32|0|0|0|0|0|0|1|0|0|0|0|8|454|215|197|0|34|2018|7|1|23|11|41|1|N
31|2|207|C|5|0|2|739|41|6|0||3|Estrato 3|83|135|143|3|20|13|11|3|100|2|1|1|0|1|0|2|3|0|0|0|12|450|147|168|3|120|2018|7|1|22|12|10|1|N
31|2|207|C|6|0|2|739|41|6|342|Estrato 342|3|Estrato 3|83|107|123|4|7|8|11|11|89|6|2|3|2|0|0|2|2|0|1|0|0|378|120|146|4|108|2018|7|1|21|59|32|1|N
31|2|208|C|1|0|1|569|41|6|0||3|Estrato 3|81|172|143|1|7|4|3|13|43|3|1|0|1|0|0|0|0|0|0|0|9|400|176|164|1|50|2018|7|1|20|34|55|1|N
31|2|212|C|2|0|1|722|41|6|342|Estrato 342|3|Estrato 3|92|132|115|7|6|11|16|3|139|4|5|0|0|0|0|5|2|0|3|0|7|455|153|124|7|164|2018|7|1|21|27|17|1|N
31|2|219|C|4|0|1|728|41|6|342|Estrato 342|3|Estrato 3|96|129|103|4|8|9|12|1|105|11|3|0|0|0|0|2|4|0|1|0|11|403|144|112|4|132|2018|7|1|22|21|45|1|N
31|2|220|C|3|0|1|721|41|6|342|Estrato 342|3|Estrato 3|97|127|83|3|3|5|9|8|108|3|0|3|3|1|0|4|1|0|0|0|12|373|136|101|3|121|2018|7|1|21|59|4|1|N
31|2|220|C|5|0|1|720|41|6|0||3|Estrato 3|98|102|81|6|6|7|7|5|117|3|0|0|3|0|0|1|0|0|3|1|1|343|109|95|6|131|2018|7|1|20|8|42|1|N
31|2|220|C|9|0|1|720|41|6|0||3|Estrato 3|99|119|95|5|8|7|12|7|112|1|1|0|0|1|0|5|2|0|0|1|7|383|132|111|5|127|2018|7|1|22|46|6|1|N
31|2|662|B|1|0|1|654|52|9|0||3|Estrato 3|108|149|153|4|60|11|1|23|97|1|2|0|2|0|1|1|1|0|1|0|12|519|152|239|4|112|2018|7|1|22|44|11|1|N
31|2|662|C|2|0|1|653|52|9|342|Estrato 342|3|Estrato 3|108|160|171|5|49|6|5|10|89|4|1|0|1|2|1|2|3|0|0|0|10|519|166|234|5|104|2018|7|1|23|4|8|1|N
31|2|666|B|1|0|1|534|52|9|0||3|Estrato 3|111|131|139|6|22|2|3|13|83|4|2|0|3|1|0|2|0|0|0|0|11|422|136|178|6|91|2018|7|1|22|21|18|1|N
31|2|667|B|1|0|1|588|52|9|0||3|Estrato 3|111|156|148|7|24|7|3|12|80|1|3|2|3|2|0|2|1|0|1|0|8|460|162|191|7|92|2018|7|1|22|30|9|1|N
31|2|669|B|1|0|2|718|52|9|0||3|Estrato 3|113|154|158|23|36|0|0|17|18|4|4|1|2|0|0|0|0|0|0|0|0|417|158|214|23|22|2018|7|1|22|20|43|1|N
31|2|735|B|1|0|1|401|59|9|0||3|Estrato 3|1|111|140|1|2|7|1|2|38|2|1|0|2|1|0|0|0|0|1|0|11|320|113|147|1|48|2018|7|1|21|9|15|2|N
31|2|739|C|2|0|1|628|59|9|0||3|Estrato 3|3|142|130|8|4|4|1|4|69|4|2|1|1|0|0|1|0|0|1|0|10|382|145|140|8|79|2018|7|1|20|45|48|1|N
31|2|746|B|1|0|1|688|59|9|0||3|Estrato 3|9|162|151|5|2|8|3|2|89|6|4|6|1|0|0|3|2|0|1|0|14|459|169|162|5|109|2018|7|1|21|20|32|2|N
31|2|750|C|1|0|1|699|59|9|342|Estrato 342|3|Estrato 3|12|160|136|6|0|6|6|3|73|2|2|0|1|2|0|3|0|0|1|0|14|415|168|142|6|85|2018|7|1|21|56|28|1|N
31|2|764|B|1|0|1|681|59|9|0||3|Estrato 3|11|205|184|1|4|7|3|3|89|3|5|0|1|0|0|0|0|0|0|0|15|520|213|192|1|99|2018|7|1|20|10|44|1|N
31|2|783|B|1|0|1|671|67|6|342|Estrato 342|3|Estrato 3|63|260|100|47|33|6|2|8|67|5|2|0|2|0|1|0|0|0|0|0|11|544|264|144|47|78|2018|7|1|20|55|31|1|N
31|2|787|C|1|0|1|538|68|15|0||4|Estrato 4|58|195|212|0|3|3|1|0|40|1|0|1|0|0|1|0|0|0|1|0|9|467|196|217|0|45|2018|7|1|20|53|31|1|N
31|2|801|B|1|0|1|415|72|15|0||4|Estrato 4|40|106|187|1|0|0|0|0|54|0|0|0|0|0|0|0|0|0|0|0|13|361|106|187|1|54|2018|7|1|21|50|54|1|N
31|2|804|C|2|0|1|564|74|15|0||4|Estrato 4|37|192|99|3|47|3|39|37|103|3|0|0|1|0|0|0|0|0|0|0|1|528|231|184|3|109|2018|7|1|23|10|7|1|N
31|2|860|B|1|0|2|432|83|9|342|Estrato 342|3|Estrato 3|57|170|125|1|1|23|1|13|45|3|1|0|0|1|1|1|0|0|0|0|8|394|172|141|1|72|2018|7|1|22|36|13|1|N
31|2|879|C|1|0|1|577|87|8|0||5|Estrato 5|47|173|177|65|1|5|1|2|1|0|0|0|1|1|0|0|0|0|0|0|16|443|174|182|65|6|2018|7|1|22|57|26|1|N
31|2|926|C|1|0|1|432|95|6|0||3|Estrato 3|51|119|134|47|1|4|2|6|61|2|0|1|0|0|0|1|0|0|1|0|8|387|121|142|47|69|2018|7|1|23|36|25|1|N
31|2|1056|C|3|0|2|610|105|9|0||3|Estrato 3|31|164|143|1|1|4|2|45|79|21|0|0|1|0|0|1|0|0|0|0|0|462|166|190|1|105|2018|7|1|20|39|17|1|N
31|3|308|C|6|0|1|699|50|3|0||5|Estrato 5|2|208|127|6|5|9|2|2|121|2|0|3|3|0|0|3|1|0|1|0|7|500|210|140|6|137|2018|7|1|21|44|26|1|N
31|3|309|C|1|0|1|503|50|3|344|Estrato 344|5|Estrato 5|3|88|139|4|3|5|3|2|64|3|1|1|1|1|1|1|1|1|0|1|0|320|92|148|4|75|2018|7|1|21|55|29|1|N
31|3|310|C|1|0|1|613|50|3|0||5|Estrato 5|3|151|140|3|4|7|5|2|103|5|3|1|0|0|0|1|0|0|1|5|3|434|159|147|3|117|2018|7|1|22|29|18|1|N
31|3|311|C|3|0|1|626|50|2|346|Estrato 346|7|Estrato 7|5|264|123|9|2|7|3|3|83|2|6|2|1|0|0|5|1|0|0|0|11|522|273|131|9|98|2018|7|1|21|51|38|1|N
31|3|341|C|1|0|1|438|50|2|346|Estrato 346|7|Estrato 7|15|125|104|1|2|10|1|0|74|2|2|0|1|1|0|3|2|0|0|0|7|335|128|108|1|91|2018|7|1|20|32|55|1|N
31|3|347|B|1|0|1|491|50|2|0||7|Estrato 7|9|200|99|9|1|3|3|1|60|0|2|2|1|0|0|1|1|0|1|0|5|389|205|104|9|66|2018|7|1|21|50|37|1|N
31|3|349|B|1|0|1|451|50|2|0||7|Estrato 7|12|172|113|1|1|4|1|0|46|1|4|2|2|0|0|3|0|0|2|0|4|356|177|118|1|56|2018|7|1|22|49|46|1|N
31|3|370|B|1|0|1|409|50|2|346|Estrato 346|7|Estrato 7|13|164|89|3|1|3|1|0|42|0|3|1|5|1|0|1|0|0|1|0|6|321|168|97|3|47|2018|7|1|22|13|34|1|N
31|3|377|B|1|0|1|592|50|2|0||7|Estrato 7|11|177|127|10|3|4|4|1|109|0|2|2|2|0|0|1|0|0|0|0|6|448|183|135|10|114|2018|7|1|23|18|39|1|N
31|3|382|C|9|0|1|727|50|3|0||5|Estrato 5|29|191|121|2|3|3|1|4|142|4|3|0|0|1|0|2|1|1|0|0|8|487|195|129|2|153|2018|7|1|23|33|29|1|N
31|3|414|C|1|0|1|567|50|2|0||7|Estrato 7|33|198|120|5|2|5|0|3|99|6|6|4|4|0|0|6|1|0|0|0|9|468|204|133|5|117|2018|7|1|23|10|44|1|N
31|3|415|C|1|0|1|546|50|2|0||7|Estrato 7|31|203|119|7|2|2|2|1|95|4|3|3|0|0|0|4|0|0|0|0|5|450|208|125|7|105|2018|7|1|23|47|34|1|N
31|3|460|B|1|0|1|456|50|2|0||7|Estrato 7|51|162|39|1|2|1|0|0|52|0|4|2|0|0|0|1|2|0|0|0|4|270|166|43|1|56|2018|7|1|22|8|28|1|N
31|3|472|C|2|0|1|568|50|3|0||5|Estrato 5|40|152|114|4|2|4|2|1|2|3|1|1|2|0|0|4|0|0|0|0|7|299|155|120|4|13|2018|7|1|22|30|28|1|N
31|3|473|C|4|0|1|711|50|3|0||5|Estrato 5|37|175|113|5|2|10|3|1|98|5|5|3|3|0|0|1|2|0|1|0|6|433|183|122|5|117|2018|7|1|23|15|38|1|N
31|3|473|C|7|0|1|711|50|3|344|Estrato 344|5|Estrato 5|38|145|119|6|1|3|2|1|124|4|0|0|3|0|0|1|2|0|0|0|0|411|147|124|6|134|2018|7|1|21|33|58|1|N
31|3|473|C|8|0|1|711|50|3|0||5|Estrato 5|38|161|136|3|3|7|3|0|122|2|2|1|0|0|0|1|1|0|0|0|6|448|166|140|3|133|2018|7|1|22|1|30|1|N
31|3|473|C|14|0|1|711|50|3|344|Estrato 344|5|Estrato 5|39|151|115|5|4|7|1|2|2|3|6|3|2|2|0|3|0|1|1|0|9|317|158|128|5|17|2018|7|1|20|30|21|1|N
31|3|476|C|7|0|2|743|50|3|344|Estrato 344|5|Estrato 5|119|152|87|3|7|5|3|2|137|5|2|2|2|0|0|6|2|0|1|0|4|420|157|100|3|156|2018|7|1|22|3|26|1|N
31|3|503|B|1|0|1|685|50|1|341|Estrato 341|2|Estrato 2|71|200|153|4|3|7|4|3|85|8|0|0|6|1|0|3|1|0|2|0|11|491|204|166|4|106|2018|7|1|22|25|22|1|N
31|3|520|C|1|0|1|543|50|1|0||2|Estrato 2|70|152|142|1|2|3|5|4|81|4|2|2|0|0|0|0|0|0|1|0|0|399|159|150|1|89|2018|7|1|22|59|26|1|N
31|3|538|C|1|0|1|677|50|1|0||2|Estrato 2|76|194|168|1|3|9|6|3|3|8|0|2|4|2|0|5|0|0|0|0|7|415|200|182|1|25|2018|7|1|23|52|54|1|N
31|3|541|C|1|0|1|485|50|7|341|Estrato 341|2|Estrato 2|72|151|115|2|0|5|0|0|53|1|1|1|0|0|0|3|0|0|0|0|9|341|152|116|2|62|2018|7|1|23|3|4|1|N
31|3|561|C|1|0|1|539|50|7|0||2|Estrato 2|78|141|126|6|5|5|8|0|87|1|2|2|1|1|0|1|1|0|0|0|8|395|151|135|6|95|2018|7|1|21|13|7|1|N
31|3|562|B|1|0|1|469|50|7|341|Estrato 341|2|Estrato 2|78|154|91|4|2|5|0|2|45|1|1|3|5|0|0|1|0|0|0|0|4|318|155|103|4|52|2018|7|1|21|9|55|1|N
31|3|563|C|1|0|1|513|50|7|341|Estrato 341|2|Estrato 2|79|145|100|1|1|5|5|0|76|5|2|0|4|0|0|7|0|0|0|0|10|361|152|105|1|93|2018|7|1|23|15|1|1|N
31|3|576|C|1|0|1|541|50|7|341|Estrato 341|2|Estrato 2|89|132|112|4|2|6|0|2|58|1|3|3|0|0|0|0|0|0|6|0|7|336|135|119|4|71|2018|7|1|20|30|39|1|N
31|3|578|C|4|0|1|678|50|7|341|Estrato 341|2|Estrato 2|92|164|120|3|1|9|3|2|105|4|4|3|0|0|0|3|0|0|1|1|9|432|171|126|3|122|2018|7|1|22|35|53|1|N
31|3|594|C|1|0|1|720|50|2|346|Estrato 346|7|Estrato 7|64|225|166|1|1|5|1|4|80|3|7|5|1|1|0|5|0|0|0|0|13|518|233|178|1|93|2018|7|1|21|18|37|1|N
31|3|597|B|1|0|1|423|50|2|346|Estrato 346|7|Estrato 7|60|110|79|6|1|4|3|2|58|3|2|1|2|2|1|1|1|0|2|0|6|284|115|88|6|69|2018|7|1|22|42|13|1|N
31|3|598|B|1|0|1|541|50|2|0||7|Estrato 7|55|144|91|11|2|5|5|3|65|1|2|2|4|0|0|3|0|0|0|0|10|348|151|102|11|74|2018|7|1|20|39|40|1|N
31|3|600|C|1|0|1|634|50|2|0||7|Estrato 7|59|89|91|1|0|16|3|2|194|5|0|0|3|0|0|9|1|1|2|0|13|430|92|96|1|228|2018|7|1|22|12|9|1|N
31|3|600|C|2|0|1|634|50|2|346|Estrato 346|7|Estrato 7|59|192|124|1|4|9|3|0|100|4|5|0|2|0|0|1|0|0|1|0|4|450|200|130|1|115|2018|7|1|22|22|34|1|N
31|3|644|C|3|0|1|650|50|3|344|Estrato 344|5|Estrato 5|126|157|101|4|5|2|2|3|68|4|4|2|3|1|0|4|1|0|0|0|10|371|163|115|4|79|2018|7|1|23|6|46|1|N
31|3|649|C|2|0|1|724|50|7|341|Estrato 341|2|Estrato 2|106|0|123|0|2|12|3|2|81|6|7|2|4|0|0|2|0|0|0|0|9|253|10|133|0|101|2018|7|1|21|47|53|1|N
31|3|649|C|5|0|1|724|50|7|0||2|Estrato 2|107|151|104|2|2|10|2|0|101|3|6|1|2|0|1|2|2|0|1|0|10|400|159|110|2|119|2018|7|1|21|41|53|1|N
31|3|650|C|1|0|2|682|50|7|0||2|Estrato 2|104|151|98|3|3|7|0|1|92|1|0|1|6|0|0|0|0|2|2|0|6|373|151|109|3|104|2018|7|1|22|46|29|1|N
31|3|653|C|4|0|2|635|50|7|0||2|Estrato 2|110|213|99|4|1|10|4|0|42|1|4|0|3|0|0|1|0|0|0|0|6|388|221|103|4|54|2018|7|1|20|29|35|1|N
31|3|1085|B|1|0|1|625|50|3|0||5|Estrato 5|114|153|121|5|2|10|2|1|105|7|3|2|1|0|0|0|1|1|0|0|9|423|158|127|5|124|2018|7|1|20|48|20|1|N
31|3|1086|B|1|0|1|381|50|3|344|Estrato 344|5|Estrato 5|115|89|67|4|2|10|3|0|71|3|0|1|2|0|0|3|0|0|0|0|0|255|92|72|4|87|2018|7|1|21|55|45|1|N
31|3|1086|C|1|0|1|380|50|3|0||5|Estrato 5|115|86|83|6|2|7|3|0|69|4|0|2|2|0|0|1|1|0|0|0|8|274|89|89|6|82|2018|7|1|20|55|31|1|N
31|3|1095|C|1|0|1|415|50|3|0||5|Estrato 5|114|79|82|6|0|9|0|3|79|3|0|0|0|0|0|0|0|0|0|0|4|265|79|85|6|91|2018|7|1|21|6|2|1|N
31|3|1108|C|1|0|1|623|50|3|344|Estrato 344|5|Estrato 5|123|203|83|5|1|7|4|2|148|3|3|0|3|0|0|2|2|0|1|0|6|473|210|89|5|163|2018|7|1|23|11|12|1|N
31|3|1114|B|1|0|1|734|50|3|0||5|Estrato 5|132|166|105|2|1|11|1|1|184|4|1|2|2|0|0|2|0|0|1|1|4|488|168|111|2|202|2018|7|1|20|38|44|1|N
31|3|1115|B|1|0|1|467|50|3|344|Estrato 344|5|Estrato 5|130|96|57|5|1|12|4|1|4|3|2|0|2|1|0|3|0|0|0|0|5|196|102|62|5|22|2018|7|1|21|41|45|1|N
31|4|254|B|1|0|1|706|50|4|346|Estrato 346|7|Estrato 7|99|227|148|3|3|5|6|0|121|2|3|2|1|1|0|7|1|0|0|0|3|533|236|155|3|136|2018|7|1|22|38|18|1|N
31|4|261|C|1|0|1|676|50|5|346|Estrato 346|7|Estrato 7|105|340|126|2|1|1|1|1|47|1|5|0|0|0|0|1|0|0|0|0|1|527|346|128|2|50|2018|7|1|22|29|37|1|N
31|4|264|B|1|0|1|511|50|5|346|Estrato 346|7|Estrato 7|19|170|108|6|4|2|1|0|78|1|2|0|0|0|0|0|1|0|1|0|3|377|173|112|6|83|2018|7|1|21|58|40|1|N
31|4|265|B|1|0|1|739|50|5|0||7|Estrato 7|120|295|145|3|6|4|7|5|94|2|2|3|1|0|0|1|0|0|0|0|6|574|304|160|3|101|2018|7|1|20|58|29|1|N
31|4|272|B|1|0|1|574|50|4|0||7|Estrato 7|9|256|141|2|0|1|4|1|32|1|3|3|2|0|0|3|0|0|0|0|5|454|263|147|2|37|2018|7|1|19|53|24|1|N
31|4|276|C|2|0|1|604|50|5|0||7|Estrato 7|15|256|121|6|1|3|1|0|69|1|2|0|1|0|1|2|0|0|1|0|2|467|259|124|6|76|2018|7|1|23|0|46|1|N
31|4|278|C|1|0|1|747|50|5|0||7|Estrato 7|124|245|126|7|2|12|0|2|114|2|3|3|4|1|0|1|0|0|0|0|10|532|248|138|7|129|2018|7|1|21|0|6|1|N
31|4|282|B|1|0|1|629|50|5|0||7|Estrato 7|14|230|126|4|3|10|2|0|56|3|6|1|1|0|0|2|1|0|0|0|3|448|238|131|4|72|2018|7|1|22|56|53|1|N
31|4|293|C|1|0|1|498|50|4|0||7|Estrato 7|84|193|90|4|0|5|0|1|60|0|2|0|0|0|0|1|1|0|0|1|5|363|195|91|4|67|2018|7|1|20|43|32|1|N
31|4|294|B|1|0|1|542|50|4|346|Estrato 346|7|Estrato 7|83|193|92|3|2|8|5|0|72|2|11|1|1|0|0|3|2|0|1|0|5|401|209|96|3|88|2018|7|1|20|46|49|1|N
31|4|295|C|1|0|1|500|50|4|346|Estrato 346|7|Estrato 7|83|197|91|3|1|2|6|0|62|1|3|0|0|1|0|2|0|0|1|0|10|380|206|93|3|68|2018|7|1|20|56|25|1|N
31|4|302|B|1|0|1|726|50|5|346|Estrato 346|7|Estrato 7|31|318|175|12|1|7|1|3|57|0|2|6|2|0|0|1|0|0|0|1|3|589|321|187|12|65|2018|7|1|22|37|6|1|N
31|4|305|C|1|0|1|698|50|5|0||7|Estrato 7|1|312|116|2|1|6|1|1|56|0|4|1|0|0|0|2|0|0|1|0|12|515|317|119|2|65|2018|7|1|20|54|56|1|N
31|4|318|B|1|0|1|615|50|5|0||7|Estrato 7|2|281|98|7|0|2|3|2|24|2|5|0|1|0|0|2|0|0|0|2|5|434|289|101|7|30|2018|7|1|20|11|5|1|N
31|4|320|B|1|0|1|472|50|5|0||7|Estrato 7|3|145|122|3|2|5|6|2|60|0|2|0|3|0|0|2|0|0|0|0|4|356|153|129|3|67|2018|7|1|21|7|8|1|N
31|4|328|C|1|0|1|490|50|5|346|Estrato 346|7|Estrato 7|32|188|123|1|2|1|6|3|59|0|7|2|0|0|0|2|0|0|0|0|0|394|201|130|1|62|2018|7|1|22|24|36|1|N
31|4|331|B|1|0|1|418|50|5|0||7|Estrato 7|3|164|75|3|2|6|3|2|39|1|2|0|2|0|0|1|0|0|0|0|9|309|169|81|3|47|2018|7|1|21|10|16|1|N
31|4|361|B|1|0|1|557|50|5|0||7|Estrato 7|35|126|109|3|3|4|6|2|107|1|2|0|4|0|0|3|0|0|0|0|9|379|134|118|3|115|2018|7|1|23|42|11|1|N
31|4|398|C|1|0|1|382|50|5|0||7|Estrato 7|22|124|75|4|2|3|1|3|60|5|3|0|2|1|0|3|1|0|0|0|9|296|128|83|4|72|2018|7|1|19|46|41|1|N
31|4|399|C|1|0|1|439|50|5|346|Estrato 346|7|Estrato 7|40|124|73|2|1|2|0|2|77|1|1|0|0|0|0|0|0|0|0|0|5|288|125|76|2|80|2018|7|1|21|0|35|1|N
31|4|409|B|1|0|1|416|50|2|0||7|Estrato 7|25|126|87|3|5|5|4|2|63|2|0|0|2|0|0|0|0|0|0|0|7|306|130|96|3|70|2018|7|1|21|10|52|1|N
31|4|409|C|1|0|1|415|50|2|0||7|Estrato 7|25|122|94|1|2|3|2|2|58|2|1|0|1|0|0|2|0|0|1|0|7|298|125|99|1|66|2018|7|1|21|14|58|1|N
31|4|437|B|1|0|1|481|50|1|0||2|Estrato 2|46|146|106|1|1|5|3|0|60|4|4|6|2|0|0|3|1|0|2|1|9|354|153|115|1|75|2018|7|1|21|36|12|1|N
31|4|440|B|1|0|1|733|50|5|346|Estrato 346|7|Estrato 7|43|181|116|0|2|11|1|2|92|3|3|0|1|0|0|3|2|0|0|0|8|425|185|121|0|111|2018|7|1|21|48|48|1|N
31|4|447|C|1|0|1|552|50|1|341|Estrato 341|2|Estrato 2|45|152|116|2|0|6|1|2|2|3|4|2|6|0|0|3|2|0|0|0|7|308|157|126|2|16|2018|7|1|23|4|18|1|N
31|4|491|B|1|0|1|577|50|1|341|Estrato 341|2|Estrato 2|45|119|126|10|4|2|0|1|94|3|3|0|10|0|0|1|1|0|0|0|10|384|122|141|10|101|2018|7|1|22|28|18|1|N
31|4|495|C|1|0|1|558|50|1|0||2|Estrato 2|62|173|90|7|2|8|4|3|111|5|3|2|6|1|0|1|0|0|0|0|4|420|180|104|7|125|2018|7|1|22|32|56|1|N
31|4|505|C|1|0|1|446|50|1|0||2|Estrato 2|69|111|88|3|2|6|4|0|77|4|2|1|5|0|0|5|2|0|2|0|8|320|117|96|3|96|2018|7|1|19|33|2|1|N
31|4|508|C|1|0|1|627|50|1|0||2|Estrato 2|97|165|102|5|2|8|1|2|107|3|2|2|3|1|0|4|0|0|0|0|11|418|168|112|5|122|2018|7|1|22|47|6|1|N
31|4|528|C|1|0|1|745|50|1|0||2|Estrato 2|66|218|164|4|1|5|2|5|105|3|5|4|1|0|0|5|1|0|2|0|9|534|225|175|4|121|2018|7|1|22|51|32|1|N
31|4|536|B|1|0|1|504|50|1|0||2|Estrato 2|70|115|95|7|0|4|1|4|89|1|0|1|2|4|0|2|1|0|1|0|9|336|116|106|7|98|2018|7|1|20|51|46|1|N
31|4|570|C|2|0|1|689|50|1|0||2|Estrato 2|80|138|105|4|3|7|3|9|85|2|2|1|2|1|0|4|3|0|1|1|11|382|143|121|4|102|2018|7|1|22|21|46|1|N
31|4|637|C|1|0|1|744|50|4|0||7|Estrato 7|134|193|122|8|5|17|9|1|120|9|3|0|3|1|0|4|0|0|0|0|10|505|205|132|8|150|2018|7|1|21|22|42|1|N
31|4|639|C|5|0|2|728|50|4|346|Estrato 346|7|Estrato 7|137|244|104|2|1|7|5|1|96|7|2|0|0|3|0|3|1|0|0|0|3|479|251|109|2|114|2018|7|1|23|15|56|1|N
31|4|641|C|4|0|1|619|50|4|346|Estrato 346|7|Estrato 7|132|214|114|8|1|4|3|1|84|2|3|0|4|0|0|1|3|0|0|0|6|448|220|120|8|94|2018|7|1|20|30|24|1|N
31|4|642|C|3|0|2|691|50|4|0||7|Estrato 7|129|227|113|3|6|6|3|2|74|2|4|2|1|0|0|0|0|0|1|0|12|456|234|124|3|83|2018|7|1|21|24|33|1|N
31|4|643|C|1|0|2|598|50|4|0||7|Estrato 7|128|216|126|2|3|8|4|2|59|1|1|1|3|0|0|1|0|0|1|0|16|444|221|135|2|70|2018|7|1|22|14|46|1|N
31|4|643|E|1|0|2|623|50|4|0||7|Estrato 7|127|222|105|2|1|5|3|3|107|3|5|1|0|0|0|5|0|0|0|0|5|467|230|110|2|120|2018|7|1|23|24|26|1|N
31|4|643|E|1|1|2|623|50|4|0||7|Estrato 7|127|204|120|6|1|2|5|0|124|3|11|1|0|1|0|2|1|1|0|0|5|487|220|123|6|133|2018|7|1|23|29|20|1|N
31|4|1060|C|1|0|1|532|50|4|0||7|Estrato 7|96|177|101|2|1|4|2|0|99|4|1|0|1|0|0|0|0|0|0|0|5|397|180|103|2|107|2018|7|1|19|32|18|1|N
31|4|1065|C|1|0|1|453|50|4|346|Estrato 346|7|Estrato 7|95|152|59|4|0|2|3|2|91|2|5|2|0|1|0|2|0|0|1|0|9|335|160|64|4|98|2018|7|1|21|8|7|1|N
31|4|1067|B|1|0|1|424|50|4|0||7|Estrato 7|95|143|62|4|1|4|4|1|76|2|4|1|2|0|0|3|0|0|0|0|1|308|151|67|4|85|2018|7|1|20|40|0|1|N
31|5|169|B|1|0|2|475|37|14|0||6|Estrato 6|55|159|152|1|0|2|1|25|13|0|1|0|1|0|0|0|0|0|0|0|4|359|161|178|1|15|2018|7|1|23|46|54|1|N
31|5|234|C|1|0|2|514|46|13|340|Estrato 340|1|Estrato 1|69|181|195|6|0|4|1|1|50|1|1|0|0|0|0|0|0|0|0|6|8|454|183|196|6|55|2018|7|1|22|44|1|1|N
31|5|252|C|1|0|2|474|49|14|0||6|Estrato 6|60|269|173|0|0|1|0|0|13|1|1|0|0|0|0|0|0|0|0|0|3|461|270|173|0|15|2018|7|1|22|58|31|1|N
31|5|692|C|1|0|2|572|55|13|340|Estrato 340|1|Estrato 1|32|149|93|0|1|4|6|0|121|0|2|0|1|0|0|0|3|0|0|0|11|391|157|95|0|128|2018|7|1|21|6|48|1|N
31|5|702|B|1|0|1|657|56|12|0||1|Estrato 1|91|206|120|56|13|16|5|1|46|0|4|0|3|0|0|0|1|0|1|0|20|492|215|137|56|64|2018|7|1|22|30|16|1|N
31|5|703|B|1|0|2|628|56|12|340|Estrato 340|1|Estrato 1|92|198|85|48|9|12|4|2|40|1|1|0|1|0|0|1|0|0|0|0|24|426|203|97|48|54|2018|7|1|21|58|59|1|N
31|5|708|B|1|0|3|220|56|12|0||1|Estrato 1|103|46|98|31|1|1|0|0|4|0|0|3|1|1|0|2|2|0|0|0|7|197|46|104|31|9|2018|7|1|19|33|29|1|N
31|5|716|B|1|0|2|547|58|12|0||1|Estrato 1|123|106|144|1|50|6|2|4|120|0|1|0|0|0|0|0|0|0|1|2|15|452|109|198|1|127|2018|7|1|20|39|0|1|N
31|5|814|E|1|0|3|663|76|14|0||6|Estrato 6|48|317|227|3|0|0|0|0|13|0|0|0|0|0|0|0|0|0|0|0|7|567|317|227|3|13|2018|7|1|23|51|59|1|N
31|5|827|B|1|0|1|569|79|12|0||1|Estrato 1|106|145|125|18|12|6|3|3|61|0|2|0|0|0|0|0|2|0|0|0|7|384|150|140|18|69|2018|7|1|21|49|58|1|N
31|5|834|B|1|0|1|471|79|12|0||1|Estrato 1|105|136|138|12|5|5|7|3|71|0|3|1|2|0|0|1|0|0|0|0|9|393|146|149|12|77|2018|7|1|22|42|18|1|N
31|5|892|C|1|0|1|583|89|13|0||1|Estrato 1|76|175|147|4|4|12|5|2|64|1|2|0|1|0|0|0|0|0|0|0|14|431|182|154|4|77|2018|7|1|21|35|29|1|N
31|5|922|B|1|0|1|491|94|12|0||1|Estrato 1|116|97|247|76|1|1|1|0|21|0|0|0|0|0|0|0|1|0|0|0|2|447|98|248|76|23|2018|7|1|20|33|25|1|N
31|5|992|C|1|0|1|470|101|8|0||5|Estrato 5|6|113|69|5|5|3|3|3|82|2|0|0|1|0|0|0|0|0|1|0|6|293|116|78|5|88|2018|7|1|22|25|38|1|N
31|5|993|B|1|0|1|537|101|8|0||5|Estrato 5|6|134|108|5|12|2|5|1|96|1|2|0|1|0|0|0|2|0|0|0|16|385|141|122|5|101|2018|7|1|22|28|45|1|N
31|5|995|C|1|0|1|612|101|8|0||5|Estrato 5|7|153|183|4|15|4|1|2|66|2|3|0|1|2|0|1|0|0|0|0|8|445|157|203|4|73|2018|7|1|22|30|51|1|N
31|5|998|C|3|0|1|675|101|8|344|Estrato 344|5|Estrato 5|10|166|174|5|17|7|1|3|80|5|0|1|3|0|0|1|0|0|2|0|12|477|167|198|5|95|2018|7|1|23|16|35|1|N
